GP
All aggregates :  [180018, 180101, 179684, 179786, 180031, 179774, 179876, 180024, 179918, 179656, 180163, 180468, 180234, 179922, 180323, 179781, 180406, 180725, 179962, 179843, 179829, 180040, 180298, 179681, 180322, 180056, 179820, 180431, 180134, 179799, 179923]
Mean  180033.16129032258
Median 180018.0
STD 260.34011213301693
MIN 179656
MAX 180725
All aggregates :  [180018 180101 179684 179786 180031 179774 179876 180024 179918 179656
 180163 180468 180234 179922 180323 179781 180406 180725 179962 179843
 179829 180040 180298 179681 180322 180056 179820 180431 180134 179799
 179923]
Mean  2218.5806948771556
Median 2217.887610356331
STD 3.5390615319128806
MIN 2212.565779464809
MAX 2227.427702369561




MAP ELITES
All aggregates :  [179751, 179616, 179582, 179662, 179882, 179737, 179603, 179617, 179602, 179619, 179649, 179863, 179636, 179620, 179624, 179901, 179620, 179560, 179925, 179863, 179776, 179658, 179621, 179620, 179721, 179719, 179745, 179651, 179605, 180218, 179616]
Mean  179705.87096774194
Median 179649.0
STD 137.92979559169478
MIN 179560
MAX 180218
All aggregates :  [179751 179616 179582 179662 179882 179737 179603 179617 179602 179619
 179649 179863 179636 179620 179624 179901 179620 179560 179925 179863
 179776 179658 179621 179620 179721 179719 179745 179651 179605 180218
 179616]
Mean  2213.4652302011705
Median 2212.8730782186362
STD 1.9581067276532196
MIN 2211.525411885486
MAX 2219.715865527517