GP
All aggregates :  [81110, 81512, 81527, 81109, 81129, 81201, 81087, 81088, 81283, 81516, 81430, 81293, 81212, 81199, 81205, 81006, 81254, 81252, 81303, 80992, 81236, 80989, 81303, 81405, 81283, 81004, 81137, 81322, 81217, 81276, 81082]
Mean  81224.58064516129
Median 81217.0
STD 148.15745203374738
MIN 80989
MAX 81527
All aggregates :  [81110 81512 81527 81109 81129 81201 81087 81088 81283 81516 81430 81293
 81212 81199 81205 81006 81254 81252 81303 80992 81236 80989 81303 81405
 81283 81004 81137 81322 81217 81276 81082]
Mean  43.11152214522068
Median 43.10418787617236
STD 0.260389480042062
MIN 42.68686270265645
MAX 43.63903018479577



MAP ELITES
All aggregates :  [81257, 81321, 81968, 81289, 81208, 81126, 81501, 81286, 81291, 81282, 81248, 81567, 81009, 81281, 81185, 81141, 81274, 81553, 81022, 81373, 81839, 81295, 81765, 81281, 81175, 81175, 81221, 81391, 81380, 81319, 81277]
Mean  81332.25806451614
Median 81282.0
STD 212.5992698287973
MIN 81009
MAX 81968
All aggregates :  [81257 81321 81968 81289 81208 81126 81501 81286 81291 81282 81248 81567
 81009 81281 81185 81141 81274 81553 81022 81373 81839 81295 81765 81281
 81175 81175 81221 81391 81380 81319 81277]
Mean  43.29039109465003
Median 43.20190435766767
STD 0.3758327841823085
MIN 42.70905975702987
MAX 44.41693516326898